20 0.3 0 0.3 0 150 150 10 100
20 0.3 0 0.5 0 150 150 10 100
20 0.3 0 0.7 0 150 150 10 100
20 0.5 0 0.3 0 150 150 10 100
20 0.5 0 0.5 0 150 150 10 100
20 0.5 0 0.7 0 150 150 10 100
20 0.7 0 0.3 0 150 150 10 100
20 0.7 0 0.5 0 150 150 10 100
20 0.7 0 0.7 0 150 150 10 100
20 0.5 0.1 0.3 0.1 150 150 10 100
20 0.5 0.1 0.3 0.2 150 150 10 100
20 0.5 0.1 0.3 0.3 150 150 10 100
20 0.5 0.1 0.3 0.4 150 150 10 100
20 0.5 0.1 0.3 0.5 150 150 10 100
20 0.5 0.1 0.3 0.6 150 150 10 100
20 0.5 0.1 0.4 0.1 150 150 10 100
20 0.5 0.1 0.4 0.2 150 150 10 100
20 0.5 0.1 0.4 0.3 150 150 10 100
20 0.5 0.1 0.4 0.4 150 150 10 100
20 0.5 0.1 0.4 0.5 150 150 10 100
20 0.5 0.1 0.5 0.1 150 150 10 100
20 0.5 0.1 0.5 0.2 150 150 10 100
20 0.5 0.1 0.5 0.3 150 150 10 100
20 0.5 0.1 0.5 0.4 150 150 10 100
20 0.5 0.1 0.6 0.1 150 150 10 100
20 0.5 0.1 0.6 0.2 150 150 10 100
20 0.5 0.1 0.6 0.3 150 150 10 100
20 0.5 0.1 0.7 0.1 150 150 10 100
20 0.5 0.1 0.7 0.2 150 150 10 100
20 0.5 0.2 0.3 0.1 150 150 10 100
20 0.5 0.2 0.3 0.3 150 150 10 100
20 0.5 0.2 0.3 0.5 150 150 10 100
20 0.5 0.2 0.3 0.6 150 150 10 100
20 0.5 0.2 0.5 0.1 150 150 10 100
20 0.5 0.2 0.5 0.3 150 150 10 100
20 0.5 0.2 0.5 0.4 150 150 10 100
20 0.5 0.2 0.7 0.1 150 150 10 100
20 0.5 0.2 0.7 0.2 150 150 10 100
20 0.7 0.2 0.5 0.3 150 150 10 100
20 0.6 0.3 0.5 0.4 150 150 10 100
